0.001	0.0
0.002	0.0
0.003	0.0
0.004	0.0
0.005	0.0
0.006	0.0
0.007	0.0
0.008	0.0
0.009	0.0
0.01	0.0
0.011	0.0
0.012	0.0
0.013	0.0
0.014	0.0
0.015	0.0
0.016	0.0
0.017	0.0
0.018	0.0
0.019	0.0
0.02	0.0
0.021	0.0
0.022	0.0
0.023	0.0
0.024	0.0
0.025	0.0
0.026	0.0
0.027	0.0
0.028	0.0
0.029	0.0
0.03	0.0
0.031	0.0
0.032	0.0
0.033	0.0
0.034	0.0
0.035	0.0
0.036	0.0
0.037	0.0
0.038	0.0
0.039	0.0
0.04	0.0
0.041	0.0
0.042	0.0
0.043	0.0
0.044	0.0
0.045	0.0
0.046	0.0
0.047	0.0
0.048	0.0
0.049	0.0
0.05	0.0
0.051	0.0
0.052	0.0
0.053	0.0
0.054	0.0
0.055	0.0
0.056	0.0
0.057	0.0
0.058	0.0
0.059	0.0
0.06	0.0
0.061	0.0
0.062	0.0
0.063	0.0
0.064	0.0
0.065	0.0
0.066	0.0
0.067	0.0
0.068	0.0
0.069	0.0
0.07	0.0
0.071	0.0
0.072	0.0
0.073	0.0
0.074	0.0
0.075	0.0
0.076	0.0
0.077	0.0
0.078	0.0
0.079	0.0
0.08	0.0
0.081	0.0
0.082	0.0
0.083	0.0
0.084	0.0
0.085	0.0
0.086	0.0
0.087	0.0
0.088	0.0
0.089	0.0
0.09	0.0
0.091	0.0
0.092	0.0
0.093	0.0
0.094	0.0
0.095	0.0
0.096	0.0
0.097	0.0
0.098	0.0
0.099	0.0
0.1	0.0
0.101	0.0
0.102	0.0
0.103	0.0
0.104	0.0
0.105	0.0
0.106	0.0
0.107	0.0
0.108	0.0
0.109	0.0
0.11	0.0
0.111	0.0
0.112	0.0
0.113	0.0
0.114	0.0
0.115	0.0
0.116	0.0
0.117	0.0
0.118	0.0
0.119	0.0
0.12	0.0
0.121	0.0
0.122	0.0
0.123	0.0
0.124	0.0
0.125	0.0
0.126	0.0
0.127	0.0
0.128	0.0
0.129	0.0
0.13	0.0
0.131	0.0
0.132	0.0
0.133	0.0
0.134	0.0
0.13498	0.0
0.135	0.0
0.136	0.0
0.137	0.0
0.138	0.0
0.139	0.0
0.14	1.4052366145022351e-14
0.141	5.134158262393315e-13
0.142	2.496804028787788e-12
0.143	6.957778934720165e-12
0.144	1.485353370838582e-11
0.145	2.7106857865694338e-11
0.146	4.4607992279930326e-11
0.147	6.821638093711832e-11
0.148	9.876232586208048e-11
0.149	1.3704855120056747e-10
0.15	1.8385168203925163e-10
0.151	2.399236431713824e-10
0.152	3.059929826691701e-10
0.153	3.8276612480234454e-10
0.154	4.709285565438796e-10
0.155	5.711459516267283e-10
0.156	6.840652358580354e-10
0.157	8.103155971580174e-10
0.158	9.505094435683116e-10
0.159	1.105243312267683e-09
0.16	1.2750987324404078e-09
0.161	1.460643044663443e-09
0.162	1.6624301793114662e-09
0.163	1.8810013963233315e-09
0.164	2.116885988528388e-09
0.165	2.3706019505959152e-09
0.166	2.642656615544666e-09
0.167	2.9335472606317074e-09
0.168	3.2437616843298087e-09
0.169	3.5737787559998616e-09
0.17	3.924068939768707e-09
0.171	4.295094794033147e-09
0.172	4.687311447926872e-09
0.173	5.101167056008482e-09
0.174	5.537103232355257e-09
0.175	5.995555465178756e-09
0.176	6.476953513013436e-09
0.177	6.981721783469519e-09
0.178	7.51027969548447e-09
0.179	8.063042025954452e-09
0.18	8.640419241577439e-09
0.181	9.242817816692884e-09
0.182	9.87064053785889e-09
0.183	1.0524286795867021e-08
0.184	1.1204152865856037e-08
0.185	1.1910632176149281e-08
0.186	1.2644115566407027e-08
0.187	1.3404991535652205e-08
0.188	1.4193646480698502e-08
0.189	1.501046492548091e-08
0.19	1.585582974176235e-08
0.191	1.673012236166505e-08
0.192	1.7633722982451425e-08
0.193	1.856701076395687e-08
0.194	1.9530364019056445e-08
0.195	2.05241603975271e-08
0.196	2.1548777063648684e-08
0.197	2.260459086786928e-08
0.198	2.3691978512844516e-08
0.199	2.481131671414361e-08
0.2	2.5962982355901645e-08
0.201	2.7147352641682367e-08
0.202	2.836480524080384e-08
0.203	2.961571843036581e-08
0.204	3.0900471233206746e-08
0.205	3.2219443552007366e-08
0.206	3.357301629974618e-08
0.207	3.4961571526704394e-08
0.208	3.638549254420629e-08
0.209	3.784516404527387e-08
0.21	3.934097222236535e-08
0.211	4.08733048823596e-08
0.212	4.2442551558941316e-08
0.213	4.40491036225341e-08
0.214	4.5693354387922645e-08
0.215	4.737569921969809e-08
0.216	4.9096535635655975e-08
0.217	5.0856263408268627e-08
0.218	5.265528466435066e-08
0.219	5.44940039830296e-08
0.22	5.6372828492129077e-08
0.221	5.829216796306848e-08
0.222	6.025243490437736e-08
0.223	6.225404465392039e-08
0.224	6.429741546992224e-08
0.225	6.638296862088159e-08
0.226	6.851112847445686e-08
0.227	7.068232258540467e-08
0.228	7.289698178264881e-08
0.229	7.515554025555437e-08
0.23	7.745843563947824e-08
0.231	7.980610910066527e-08
0.232	8.219900542055802e-08
0.233	8.463757307958307e-08
0.234	8.712226434047569e-08
0.235	8.965353533120543e-08
0.236	9.223184612755705e-08
0.237	9.485766083542599e-08
0.238	9.753144767288082e-08
0.239	1.0025367905204715e-07
0.24	1.0302483166086108e-07
0.241	1.0584538654474508e-07
0.242	1.087158291882533e-07
0.243	1.1163664959673145e-07
0.244	1.1460834237803927e-07
0.245	1.1763140682437833e-07
0.246	1.2070634699426936e-07
0.247	1.238336717947209e-07
0.248	1.2701389506363014e-07
0.249	1.3024753565245674e-07
0.25	1.335351175092087e-07
0.251	1.368771697617794e-07
0.252	1.402742268016734e-07
0.253	1.437268283681563e-07
0.254	1.4723551963287063e-07
0.255	1.5080085128494463e-07
0.256	1.5442337961663922e-07
0.257	1.5810366660955967e-07
0.258	1.618422800214717e-07
0.259	1.6563979347375276e-07
0.26	1.6949678653951233e-07
0.261	1.734138448324169e-07
0.262	1.7739156009624872e-07
0.263	1.814305302952313e-07
0.264	1.8553135970515784e-07
0.265	1.8969465900534866e-07
0.266	1.9392104537147327e-07
0.267	1.9821114256926756e-07
0.268	2.025655810491768e-07
0.269	2.0698499804195668e-07
0.27	2.1147003765526334e-07
0.271	2.160213509712627e-07
0.272	2.206395961452908e-07
0.273	2.253254385055975e-07
0.274	2.3007955065420112e-07
0.275	2.349026125688889e-07
0.276	2.3979531170639234e-07
0.277	2.447583431067694e-07
0.278	2.4979240949902313e-07
0.279	2.5489822140799215e-07
0.28	2.600764972625403e-07
0.281	2.6532796350507985e-07
0.282	2.7065335470245866e-07
0.283	2.7605341365824585e-07
0.284	2.8152889152644607e-07
0.285	2.87080547926673e-07
0.286	2.9270915106082376e-07
0.287	2.984154778312767e-07
0.288	3.042003139606512e-07
0.289	3.1006445411316537e-07
0.29	3.1600870201762277e-07
0.291	3.220338705920613e-07
0.292	3.2814078207010315e-07
0.293	3.3433026812904083e-07
0.294	3.4060317001968936e-07
0.295	3.4696033869805037e-07
0.296	3.5340263495881403e-07
0.297	3.5993092957074615e-07
0.298	3.6654610341398964e-07
0.299	3.7324904761932574e-07
0.3	3.800406637094275e-07
0.301	3.8692186374214794e-07
0.302	3.938935704558837e-07
0.303	4.0095671741705246e-07
0.304	4.0811224916972325e-07
0.305	4.153611213874507e-07
0.306	4.2270430102734045e-07
0.307	4.3014276648640506e-07
0.308	4.376775077602382e-07
0.309	4.4530952660406804e-07
0.31	4.530398366962191e-07
0.311	4.608694638040398e-07
0.312	4.687994459523386e-07
0.313	4.768308335943724e-07
0.314	4.849646897854443e-07
0.315	4.932020903591499e-07
0.316	5.015441241063302e-07
0.317	5.099918929567774e-07
0.318	5.185465121637461e-07
0.319	5.272091104913256e-07
0.32	5.359808304047219e-07
0.321	5.448628282635076e-07
0.322	5.538562745178977e-07
0.323	5.629623539081007e-07
0.324	5.721822656668096e-07
0.325	5.815172237248891e-07
0.326	5.90968456920318e-07
0.327	6.005372092104514e-07
0.328	6.102247398876589e-07
0.329	6.20032323798413e-07
0.33	6.299612515658768e-07
0.331	6.400128298160722e-07
0.332	6.501883814076899e-07
0.333	6.604892456656033e-07
0.334	6.70916778618171e-07
0.335	6.814723532383842e-07
0.336	6.921573596889423e-07
0.337	7.029732055713258e-07
0.338	7.13921316178942e-07
0.339	7.250031347544275e-07
0.34	7.362201227511762e-07
0.341	7.475737600991786e-07
0.342	7.5906554547526e-07
0.343	7.706969965777876e-07
0.344	7.824696504059477e-07
0.345	7.943850635436669e-07
0.346	8.064448124482751e-07
0.347	8.186504937439992e-07
0.348	8.310037245203767e-07
0.349	8.435061426356865e-07
0.35	8.561594070255027e-07
0.351	8.689651980164462e-07
0.352	8.819252176452627e-07
0.353	8.950411899833146e-07
0.354	9.08314861466592e-07
0.355	9.217480012313584e-07
0.356	9.353424014555277e-07
0.357	9.490998777059063e-07
0.358	9.630222692913873e-07
0.359	9.771114396222334e-07
0.36	9.913692765755679e-07
0.361	1.0057976928671816e-06
0.362	1.0203986264297941e-06
0.363	1.0351740407978916e-06
0.364	1.0501259254992696e-06
0.365	1.0652562964534202e-06
0.366	1.080567196376894e-06
0.367	1.0960606951957762e-06
0.368	1.1117388904654185e-06
0.369	1.127603907797585e-06
0.37	1.1436579012951309e-06
0.371	1.159903053994405e-06
0.372	1.1763415783154972e-06
0.373	1.1929757165205012e-06
0.374	1.2098077411799713e-06
0.375	1.2268399556477113e-06
0.376	1.2440746945440816e-06
0.377	1.2615143242479968e-06
0.378	1.2791612433977875e-06
0.379	1.2970178834011141e-06
0.38	1.3150867089541002e-06
0.381	1.333370218569908e-06
0.382	1.3518709451169133e-06
0.383	1.3705914563667072e-06
0.384	1.3895343555521086e-06
0.385	1.4087022819354116e-06
0.386	1.4280979113870675e-06
0.387	1.447723956975019e-06
0.388	1.467583169564925e-06
0.389	1.487678338431487e-06
0.39	1.5080122918811142e-06
0.391	1.528587897886175e-06
0.392	1.5494080647310616e-06
0.393	1.5704757416703461e-06
0.394	1.5917939195992477e-06
0.395	1.6133656317367076e-06
0.396	1.635193954321309e-06
0.397	1.6572820073203522e-06
0.398	1.6796329551523255e-06
0.399	1.7022500074230972e-06
0.4	1.7251364196760963e-06
0.401	1.7482954941567994e-06
0.402	1.771730580591828e-06
0.403	1.7954450769829741e-06
0.404	1.8194424304164735e-06
0.405	1.8437261378878719e-06
0.406	1.8682997471428038e-06
0.407	1.8931668575340594e-06
0.408	1.918331120895266e-06
0.409	1.943796242431592e-06
0.41	1.969565981627783e-06
0.411	1.9956441531740017e-06
0.412	2.0220346279097835e-06
0.413	2.0487413337865555e-06
0.414	2.075768256849144e-06
0.41412	2.079033197683112e-06
0.415	2.1031194422366316e-06
0.416	2.130798995203093e-06
0.417	2.1588110821585592e-06
0.418	2.1871599317307413e-06
0.419	2.215850032851443e-06
0.42	2.2448851889138007e-06
0.421	2.2742703004998246e-06
0.422	2.3040097985504207e-06
0.423	2.3341082723375314e-06
0.424	2.364570467984853e-06
0.425	2.39540125377831e-06
0.426	2.4266056236401116e-06
0.427	2.458188700698895e-06
0.428	2.4901557409586688e-06
0.429	2.5225121370693833e-06
0.43	2.555263422202066e-06
0.431	2.58841527403149e-06
0.432	2.6219735188294866e-06
0.433	2.6559441356720774e-06
0.434	2.6903332607637004e-06
0.435	2.725147191881947e-06
0.436	2.7603923929462076e-06
0.437	2.79607549871394e-06
0.438	2.8322033196081184e-06
0.439	2.8687828466798136e-06
0.44	2.9058212567097202e-06
0.441	2.943325917452746e-06
0.442	2.9813043930298286e-06
0.443	3.019764449471265e-06
0.444	3.0587140604160022e-06
0.445	3.0981614129714905e-06
0.446	3.138114913738756e-06
0.447	3.1785831950076217e-06
0.448	3.219575121127065e-06
0.449	3.2610997950558815e-06
0.45	3.3031665650989967e-06
0.451	3.3457850318349503e-06
0.452	3.3889650552401945e-06
0.453	3.4327167620160883e-06
0.454	3.4770505531246488e-06
0.455	3.5219771115392334e-06
0.456	3.5675074102166635e-06
0.457	3.613652720297364e-06
0.458	3.66042461954042e-06
0.459	3.707835001000579e-06
0.46	3.7558960819545193e-06
0.461	3.8046204130839306e-06
0.462	3.8540208879231295e-06
0.463	3.904110752579322e-06
0.464	3.9549036157337034e-06
0.465	4.006413458932027e-06
0.466	4.058654647173451e-06
0.467	4.111641939806772e-06
0.468	4.165390501743482e-06
0.469	4.2199159149974134e-06
0.47	4.275234190560954e-06
0.471	4.3313617806282625e-06
0.472	4.388315591176229e-06
0.473	4.4461129949141866e-06
0.474	4.50477184461394e-06
0.475	4.5643104868318005e-06
0.476	4.6247477760350126e-06
0.477	4.686103089145049e-06
0.478	4.748396340510985e-06
0.479	4.811647997326318e-06
0.48	4.875879095503299e-06
0.481	4.9411112560191245e-06
0.482	5.007366701748953e-06
0.483	5.074668274801149e-06
0.484	5.143039454370693e-06
0.485	5.21250437512731e-06
0.486	5.283087846155301e-06
0.487	5.354815374779893e-06
0.488	5.427713169709338e-06
0.489	5.501808186718563e-06
0.49	5.577128133614889e-06
0.491	5.6537014962349865e-06
0.492	5.731557561087847e-06
0.493	5.810726438686619e-06
0.494	5.891239087591805e-06
0.495	5.9731273391887645e-06
0.496	6.056423923223967e-06
0.497	6.141162494124407e-06
0.498	6.227377658126236e-06
0.499	6.315105001239235e-06
0.5	6.404381118074564e-06
0.501	6.495243641564619e-06
0.502	6.5877312736045205e-06
0.503	6.68188381664582e-06
0.504	6.777742206274532e-06
0.505	6.875348544806012e-06
0.506	6.974746135931259e-06
0.507	7.075979520449711e-06
0.508	7.1790945131253375e-06
0.509	7.284138240704109e-06
0.51	7.3911591811321385e-06
0.511	7.500207204015411e-06
0.512	7.611333612363552e-06
0.513	7.724591185661456e-06
0.514	7.840034224314447e-06
0.515	7.957718595514262e-06
0.516	8.077701780574815e-06
0.517	8.20004292378873e-06
0.518	8.324802882857436e-06
0.519	8.45204428094955e-06
0.52	8.58183156044451e-06
0.521	8.71423103842046e-06
0.522	8.849310963947681e-06
0.523	8.987141577251195e-06
0.524	9.127795170808633e-06
0.525	9.271346152451935e-06
0.526	9.417871110544292e-06
0.527	9.567448886494315e-06
0.528	9.720160623828456e-06
0.529	9.876089870371885e-06
0.53	1.0035322635931576e-05
0.531	1.01979474605298e-05
0.532	1.0364055513581316e-05
0.533	1.053374066273192e-05
0.534	1.0707099561799395e-05
0.535	1.0884231738330646e-05
0.536	1.1065239684119872e-05
0.537	1.1250228948796654e-05
0.538	1.1439308236597537e-05
0.539	1.1632589506438927e-05
0.54	1.183018807541437e-05
0.541	1.2032222725843688e-05
0.542	1.2238815816007352e-05
0.543	1.2450093394704303e-05
0.544	1.2666185319777435e-05
0.545	1.2887225380756945e-05
0.546	1.3113351425777855e-05
0.547	1.334470549945585e-05
0.54785	1.3545576188046982e-05
0.548	1.3581433953236949e-05
0.549	1.3823687735873758e-05
0.55	1.4071622701235053e-05
0.551	1.4325399520047054e-05
0.552	1.458518378772553e-05
0.553	1.4851146186381514e-05
0.554	1.5123462652617782e-05
0.555	1.5402314551343152e-05
0.556	1.5687888855841405e-05
0.557	1.5980378334341638e-05
0.558	1.627998174334814e-05
0.559	1.6586904027998267e-05
0.56	1.690135652972944e-05
0.561	1.722355720154793e-05
0.562	1.75537308312056e-05
0.563	1.789210927260382e-05
0.564	1.8238931685758695e-05
0.565	1.8594444785675212e-05
0.566	1.8958903100495384e-05
0.567	1.9332569245200365e-05
0.568	1.971571417612162e-05
0.569	2.0108617513901766e-05
0.57	2.0511567819868782e-05
0.571	2.092486291226951e-05
0.572	2.1348810188682215e-05
0.573	2.1783726960758583e-05
0.574	2.222994080181569e-05
0.575	2.2687789907822137e-05
0.576	2.315762347234903e-05
0.577	2.3639802076081796e-05
0.578	2.4134698091518426e-05
0.579	2.4642696103508367e-05
0.58	2.5164193346317392e-05
0.581	2.5699600157937645e-05
0.582	2.624934045239479e-05
0.583	2.6813852210842014e-05
0.584	2.7393587996098633e-05
0.585	2.7989015468663506e-05
0.586	2.8600617961847106e-05
0.587	2.9228895041804735e-05
0.588	2.9874363109502338e-05
0.589	3.0537556023392e-05
0.59	3.121902575352621e-05
0.591	3.1919343032875465e-05
0.592	3.2639098095019626e-05
0.593	3.337890138349504e-05
0.594	3.413938431762862e-05
0.595	3.492120009022055e-05
0.596	3.572502449300276e-05
0.597	3.6551556779852254e-05
0.598	3.740152056605157e-05
0.599	3.827566476588004e-05
0.6	3.917476457035245e-05
0.601	4.009962246701985e-05
0.602	4.105106930384543e-05
0.603	4.202996539927872e-05
0.604	4.303720170076067e-05
0.605	4.407370099401633e-05
0.606	4.514041916561484e-05
0.607	4.6238346521414434e-05
0.608	4.7368509163649974e-05
0.609	4.853197043528236e-05
0.61	4.972983240065205e-05
0.611	5.0963237450191054e-05
0.612	5.2233369920659235e-05
0.613	5.354145781794335e-05
0.614	5.488877461307715e-05
0.615	5.627664112100518e-05
0.616	5.7706427470568125e-05
0.617	5.9179555145051616e-05
0.618	6.069749916064649e-05
0.619	6.226179030484382e-05
0.62	6.387401750204587e-05
0.621	6.553583028738634e-05
0.622	6.724894139882779e-05
0.623	6.901512949387045e-05
0.624	7.083624199758285e-05
0.625	7.271419808907046e-05
0.626	7.465099183392442e-05
0.627	7.66486954706518e-05
0.628	7.870946285957746e-05
0.629	8.08355331032299e-05
0.63	8.30292343477778e-05
0.631	8.529298777568362e-05
0.632	8.762931180037307e-05
0.633	9.004082647439975e-05
0.634	9.253025812818346e-05
0.635	9.510044422327335e-05
0.636	9.775433851034821e-05
0.637	0.00010049501638577363
0.638	0.00010332568059645233
0.639	0.00010624966719811999
0.64	0.00010927045185161819
0.641	0.00011239165645144751
0.642	0.00011561705611093637
0.643	0.00011895058652563265
0.644	0.0001223963517379903
0.645	0.00012595863232799212
0.646	0.00012964189405604616
0.647	0.00013345079698630767
0.648	0.00013739020512055047
0.649	0.0001414651965748035
0.65	0.00014568107433326975
0.651	0.00015004337762157608
0.652	0.0001545578939085523
0.653	0.00015923067165454348
0.654	0.00016406803375173417
0.655	0.0001690765917799508
0.656	0.00017426326110079582
0.657	0.0001796352768514261
0.658	0.00018520021089860365
0.659	0.00019096598981822665
0.66	0.0001969409139705073
0.661	0.00020313367774635403
0.662	0.00020955339106634577
0.663	0.00021620960222004077
0.664	0.0002231123221402486
0.665	0.00023027205021500835
0.666	0.0002376998017438476
0.667	0.00024540713716671934
0.668	0.0002534061931821855
0.669	0.00026170971590703526
0.67	0.0002703310962028505
0.671	0.0002792844073876392
0.672	0.00028858444543802505
0.673	0.0002982467719277209
0.674	0.0003082877598896311
0.675	0.0003187246428317594
0.676	0.00032957556715715943
0.677	0.0003408596482329489
0.678	0.0003525970304572656
0.679	0.00036480895156638753
0.68	0.0003775178115849919
0.681	0.0003907472467753213
0.682	0.0004045222090019619
0.683	0.0004188690509636102
0.684	0.00043381561778555643
0.685	0.0004493913455134113
0.686	0.0004656273671003272
0.687	0.00048255662654140137
0.688	0.000500214001843459
0.689	0.0005186364376750605
0.69	0.0005378630884765798
0.691	0.0005579354730464424
0.692	0.0005788976415822684
0.693	0.0006007963564370595
0.694	0.0006236812877252533
0.695	0.0006476052252870427
0.696	0.0006726243085259999
0.697	0.0006987982758497295
0.698	0.0007261907356240922
0.699	0.000754869460761774
0.7	0.000784906709302215
0.701	0.0008163795736054872
0.702	0.0008493703610817253
0.703	0.0008839670097150457
0.704	0.0009202635420215472
0.705	0.0009583605615116591
0.706	0.0009983657962146218
0.707	0.001040394694375938
0.708	0.001084571078066685
0.709	0.0011310278611582794
0.71	0.0011799078389304488
0.711	0.001231364557509684
0.712	0.0012855632723980368
0.713	0.0013426820065691738
0.714	0.0014029127200050051
0.715	0.0014664626041514662
0.716	0.001533555516621113
0.717	0.0016044335736023273
0.718	0.0016793589198924547
0.719	0.001758615699371518
0.72	0.0018425122519678651
0.721	0.0019313835671173289
0.722	0.002025594028161615
0.723	0.0021255404874127404
0.724	0.0022316557177711233
0.725	0.0023444122940246876
0.726	0.0024643269654798104
0.727	0.002591965591637588
0.728	0.0027279487245387723
0.729	0.0028729579355377664
0.73	0.0030277430010933076
0.731	0.003193130082253148
0.732	0.0033700310565713616
0.733	0.0035594541900700934
0.734	0.003762516371770175
0.735	0.003980457175304009
0.736	0.0042146550633789
0.737	0.004466646113033565
0.7375	0.004599841979346047
0.738	0.004738145715806625
0.7385	0.004881801882432799
0.739	0.005031073800330172
0.7395	0.005186235926220686
0.74	0.005347584240047978
0.7405	0.005515427505449114
0.741	0.005690099251252625
0.7415	0.005871947726471563
0.742	0.00606134976379946
0.7425	0.006258699199647383
0.743	0.0064644229680832915
0.7435	0.006678967709743425
0.744	0.0069028185194469635
0.7445	0.0071364834102699785
0.745	0.007380515231210517
0.7455	0.007635493581473678
0.746	0.007902050531156992
0.7465	0.008180849492174775
0.747	0.008472615521660311
0.7475	0.008778110545163897
0.748	0.009098169208138895
0.7485	0.009433669707809445
0.749	0.00978557639442159
0.7495	0.010154905292236985
0.75	0.010542774954830797
0.7505	0.010950365532083553
0.751	0.011378979773750965
0.7515	0.011829994213503513
0.752	0.012304932720840435
0.75225	0.012551869276576654
0.7525	0.012805408005562326
0.75275	0.013065778324569443
0.753	0.013333210778879594
0.75325	0.013607943223973441
0.7535	0.013890239305676975
0.75375	0.014180370115693314
0.754	0.014478608105152937
0.75425	0.014785234649004358
0.7545	0.015100562657693105
0.75475	0.015424914134076182
0.755	0.015758612728247863
0.75525	0.01610199305208871
0.7555	0.016455428519934954
0.75575	0.016819303718838132
0.756	0.017194005244279977
0.75625	0.017579933246199386
0.7565	0.017977535936030065
0.75675	0.018387275345468832
0.757	0.018809615971231347
0.75725	0.01924503918823762
0.7575	0.019694086321170066
0.75775	0.02015731591043923
0.758	0.020635289543096944
0.75825	0.02112858998002247
0.7585	0.021637875320415535
0.75875	0.022163825269363766
0.759	0.022707123325517872
0.75925	0.023268479760716564
0.7595	0.02384870027607694
0.75975	0.02444861790371055
0.76	0.02506907043673216
0.76025	0.02571092980638011
0.7605	0.02637518984176433
0.76075	0.027062879236773137
0.761	0.027775032710719853
0.76125	0.02851272890076356
0.7615	0.029277203546346338
0.76175	0.030069737260385632
0.762	0.03089161834957255
0.76225	0.03174419215498451
0.7625	0.03262900841405963
0.76275	0.033547675167965
0.763	0.03450181037502519
0.76325	0.03549310680444538
0.7635	0.03652352582507521
0.76375	0.03759510532036105
0.764	0.03870989608502876
0.76425	0.03987004807934457
0.764375	0.040467911915949395
0.7645	0.04107806797240681
0.764625	0.04170084277485695
0.76475	0.042336563910505054
0.764875	0.04298556005932335
0.765	0.04364816102706896
0.765125	0.04432471213767543
0.76525	0.04501561736185887
0.765375	0.04572129631329467
0.7655	0.046442169934220824
0.765625	0.04717866053601112
0.76575	0.0479311918414673
0.765875	0.04870018902892612
0.766	0.04948607877826123
0.766125	0.05028930883297484
0.76625	0.05111040661807628
0.766375	0.0519499207945469
0.7665	0.052808401806112654
0.766625	0.05368640193615112
0.76675	0.05458447536709398
0.766875	0.05550317824245954
0.767	0.05644306873163364
0.767125	0.05740473393126369
0.76725	0.05838887047214469
0.767375	0.05939620415305338
0.7675	0.06042746319292046
0.767625	0.061483378311478654
0.76775	0.06256468281355088
0.767875	0.063672112677173
0.768	0.06480640664572875
0.768125	0.06596834365387895
0.76825	0.06715885496570846
0.768375	0.0683789123763532
0.7685	0.0696294910047841
0.768625	0.07091156940912473
0.76875	0.07222612970729261
0.768875	0.073574157703241
0.769	0.07495664301906352
0.769125	0.07637463173512113
0.76925	0.07782938410867155
0.769375	0.07932221733907507
0.7695	0.08085445324147261
0.769625	0.08242741841269255
0.76975	0.0840424444048992
0.769875	0.08570086790736772
0.77	0.08740403093675263
0.770125	0.08915335556139038
0.77025	0.09095056778201296
0.770375	0.092797474343729
0.7705	0.09469588846333404
0.770625	0.09664763006817521
0.77075	0.09865452604603683
0.770875	0.10071841050654355
0.771	0.10284112505454071
0.771125	0.1050246254574678
0.77125	0.1072713012267644
0.771375	0.10958365702683691
0.7715	0.1119642066541343
0.771625	0.11441547337769171
0.77175	0.11693999029452896
0.771875	0.11954030070039855
0.772	0.12221895847629796
0.772125	0.1249786800946495
0.77225	0.12782280004544178
0.772375	0.13075481680528023
0.7725	0.13377824173608402
0.772625	0.13689659955547753
0.77275	0.14011342882449085
0.772875	0.14343228245257053
0.773	0.146856728219702
0.773125	0.15039056184960747
0.77325	0.15403844544279469
0.773375	0.1578052709251406
0.7735	0.1616959481672392
0.773625	0.1657154055824165
0.77375	0.16986859073602922
0.773875	0.17416047096395293
0.774	0.17859603399756663
0.774125	0.1831805723983491
0.77425	0.18792053597128572
0.774375	0.19282268160951166
0.7745	0.19789379019097855
0.7745625	0.20049483131478898
0.774625	0.20314066717241802
0.7746875	0.2058321523797371
0.77475	0.20857014315809652
0.7748125	0.21135549735005943
0.774875	0.21418907443438998
0.7749375	0.2170717355401094
0.775	0.22000434345958753
0.7750625	0.22298780415722932
0.775125	0.2260231912972155
0.7751875	0.22911162180952133
0.77525	0.23225421440773875
0.7753125	0.2354520895953298
0.775375	0.23870636967000985
0.7754375	0.2420181787261337
0.7755	0.24538864265495205
0.7755625	0.24881888914243377
0.775625	0.2523100476644911
0.7756875	0.2558632494794323
0.77575	0.2594796276172968
0.7758125	0.26316031686585617
0.775875	0.2669064537530707
0.7759375	0.27071917652558336
0.776	0.27459962512303904
0.7760625	0.27854897105828974
0.776125	0.28256850713299053
0.7761875	0.2866595576994642
0.77625	0.29082344870893645
0.7763125	0.295061507659394
0.776375	0.2993750635368341
0.7764375	0.30376544674949946
0.7765	0.3082339890546668
0.7765625	0.31278202347732115
0.776625	0.3174108842202364
0.7766875	0.32212190656494133
0.77675	0.3269164267628166
0.7768125	0.3317957819157445
0.776875	0.33676130984571245
0.7769375	0.34181434895249224
0.777	0.34695623805879866
0.7770625	0.35218827579116463
0.777125	0.35751159901898666
0.7771875	0.3629273039641527
0.77725	0.3684364864320992
0.7773125	0.37404024158179594
0.777375	0.37973966367791856
0.7774375	0.3855358458243186
0.7775	0.391429879677886
0.7775625	0.3974228551416128
0.777625	0.4035158600358841
0.7776875	0.40970997974704937
0.77775	0.4160062968519938
0.7778125	0.4224058907177143
0.777875	0.4289098370749191
0.7779375	0.435519207564334
0.778	0.4422350692548302
0.7780625	0.44905822678936447
0.778125	0.45598844964974794
0.7781875	0.4630252433226439
0.77825	0.4701681059957535
0.7783125	0.4774165279195084
0.778375	0.4847699907346678
0.7784375	0.492227966765247
0.7785	0.4997899182763097
0.778625	0.5152235418011967
0.77875	0.5310663277857974
0.778875	0.5473135282279683
0.779	0.5639601506040763
0.779125	0.5809953229996501
0.77925	0.5983854447508878
0.779375	0.6160909459555536
0.7795	0.6340718511780524
0.779625	0.6522877415775516
0.77975	0.670697717042351
0.78	0.7079336966382861
0.78025	0.7453741325696858
0.780375	0.7639614312789101
0.7805	0.7823335099531281
0.780625	0.8003945659397087
0.78075	0.8180481290384056
0.780875	0.8351970863686823
0.781	0.8517437233219375
0.7810625	0.8597603905775068
0.781125	0.8675890239700957
0.7811875	0.8752167002881726
0.78125	0.8826304729082484
0.7813125	0.8898173752659732
0.781375	0.8967644246215996
0.7814375	0.9034586261101624
0.7815	0.9098869770629442
0.7815625	0.9160364715825112
0.781625	0.9218941053500262
0.7816875	0.9274468806394602
0.78175	0.9326818115090925
0.7818125	0.9375859291372536
0.781875	0.9421462872653312
0.7819375	0.9463499677080014
0.782	0.9501840858873521
0.7820625	0.9536377994993024
0.782125	0.9567083246993742
0.7821875	0.9593949342063808
0.78225	0.9616969596247099
0.7823125	0.9636137963821293
0.782375	0.9651449083999164
0.7824375	0.9662898324475022
0.7825	0.9670481821359619
0.7825625	0.9674196515075466
0.782625	0.9674040181822108
0.7826875	0.9670011460263584
0.78275	0.9662109873139769
0.7828125	0.9650335843558184
0.782875	0.9634690705782125
0.7829375	0.9615176710392879
0.783	0.9591797023769395
0.7830625	0.9564574494793462
0.783125	0.9533607973740478
0.7831875	0.9499015997302404
0.78325	0.9460917996168141
0.7833125	0.9419434267502466
0.783375	0.9374685942733056
0.7834375	0.9326794951003783
0.7835	0.9275883978693522
0.7835625	0.9222076425436248
0.783625	0.9165496357103337
0.7836875	0.9106268456228277
0.78375	0.9044517970368574
0.7838125	0.8980370658901035
0.783875	0.8913952738746465
0.7839375	0.8845390829507395
0.784	0.87748118984905
0.784125	0.8628097252764314
0.78425	0.8474754425435288
0.784375	0.831571616606338
0.7845	0.8151915800406581
0.784625	0.7984285835052516
0.78475	0.7813756733920822
0.785	0.7467706730654781
0.78525	0.7120501689604327
0.7855	0.6776267102272407
0.785625	0.6606330219569286
0.78575	0.6438404048448576
0.785875	0.6272899315224983
0.786	0.611022133268164
0.786125	0.5950719070570744
0.78625	0.5794531761563264
0.786375	0.5641742798338457
0.7865	0.5492431303808398
0.786625	0.5346672502496155
0.78675	0.5204538088070868
0.786875	0.5066096580876808
0.787	0.4931413670790135
0.787125	0.48005330627457604
0.78725	0.4673418318634525
0.787375	0.45500115346371384
0.7875	0.44302530748248603
0.787625	0.43140818093525424
0.78775	0.42014353307745567
0.787875	0.40922501492603025
0.788	0.3986461867736912
0.788125	0.38840015611808304
0.78825	0.3784784579591292
0.788375	0.3688721992902851
0.7885	0.3595724474242023
0.788625	0.35057023938258325
0.78875	0.3418565900546736
0.788875	0.3334224992457572
0.789	0.3252589577302914
0.789125	0.31735711249904125
0.78925	0.30970875158466493
0.789375	0.30230582784187066
0.7895	0.2951403019717115
0.789625	0.28820414503551417
0.78975	0.28148934049379937
0.789875	0.2749878858307158
0.79	0.26869179381851266
0.790125	0.26259336482202555
0.79025	0.2566860018814318
0.790375	0.25096339771210174
0.7905	0.24541926369595757
0.790625	0.24004732997167813
0.79075	0.2348413453840454
0.790875	0.22979507731515555
0.791	0.2249023114175986
0.791125	0.22015709655407628
0.79125	0.21555448055587287
0.791375	0.21108977443813984
0.7915	0.20675830668325562
0.791625	0.2025554227023728
0.79175	0.1984764842738456
0.791875	0.1945168689655632
0.792	0.19067196954736712
0.792125	0.18693738353973297
0.79225	0.18330948328425717
0.792375	0.17978484535044234
0.7925	0.17636005987076953
0.792625	0.17303172996546654
0.79275	0.16979647117787255
0.792875	0.1666509109219363
0.793	0.16359168794320317
0.793125	0.16061559110585683
0.79325	0.15771997699388143
0.793375	0.15490235178966405
0.7935	0.15216023152840946
0.793625	0.1494911416364656
0.79375	0.14689261648588062
0.793875	0.14436219896507044
0.794	0.14189744006551597
0.794125	0.13949599849369634
0.79425	0.13715594044341692
0.794375	0.13487543942085767
0.7945	0.1326526759144543
0.794625	0.13048583705717343
0.79475	0.12837311630277617
0.794875	0.12631271311558878
0.795	0.12430283267339164
0.795125	0.12234175707824557
0.79525	0.12042805966005705
0.795375	0.11856039038742754
0.7955	0.11673740414553287
0.795625	0.11495776049768902
0.79575	0.11322012345734683
0.795875	0.11152316127005116
0.796	0.10986554620500094
0.796125	0.1082460056624476
0.79625	0.10666347596768722
0.796375	0.10511694838171326
0.7965	0.10360541763659216
0.796625	0.10212788176909665
0.79675	0.1006833419617004
0.796875	0.0992708023905732
0.797	0.09788927008030343
0.797125	0.09653779187477053
0.79725	0.09521556568020795
0.797375	0.09392182909047674
0.7975	0.0926558221675815
0.797625	0.09141678732564361
0.79775	0.09020396921993892
0.797875	0.08901661464077978
0.798	0.08785397241202864
0.798125	0.08671532040130223
0.79825	0.08560004678292793
0.798375	0.08450756868665636
0.7985	0.08343730501382396
0.798625	0.08238867635598429
0.79875	0.08136110491701731
0.799	0.07936683012865443
0.79925	0.0774500479120862
0.7995	0.0756069878379505
0.79975	0.07383406009647837
0.8	0.07212769365167705
0.80025	0.0704844541257184
0.8005	0.06890140120119154
0.80075	0.06737572911439288
0.801	0.0659046458971669
0.80125	0.06448546239787525
0.8015	0.06311586203935264
0.80175	0.06179362957483622
0.802	0.06051656000272466
0.80225	0.059282526499455084
0.8025	0.058089686176699996
0.80275	0.056936273264554915
0.803	0.05582052967988027
0.80325	0.05474075739012962
0.8035	0.05369547694383115
0.80375	0.05268326817724794
0.804	0.05170271675064401
0.80425	0.05075245489925471
0.8045	0.04983128475486857
0.80475	0.04893805446980866
0.805	0.04807161665028848
0.80525	0.047230860358962526
0.8055	0.04641480792451789
0.80575	0.04562251772542761
0.806	0.04485305157636332
0.80625	0.044105500077025905
0.8065	0.043379059266451636
0.80675	0.04267295366783068
0.807	0.04198641047748059
0.80725	0.04131867980674204
0.8075	0.04066909587275538
0.80775	0.040037015583225616
0.808	0.03942179794166927
0.80825	0.03882282033538229
0.8085	0.03823952775846112
0.80875	0.03767138342002159
0.809	0.03711785218446752
0.80925	0.03657841377284081
0.8095	0.036052602646556645
0.80975	0.03553996799585301
0.81	0.03504006032738022
0.81025	0.034552442237034325
0.8105	0.03407672094806334
0.81075	0.03361251567549084
0.811	0.033159446688063594
0.8115	0.03228527486875435
0.812	0.03145154334030479
0.8125	0.03065573384138631
0.813	0.029895576084781193
0.8135	0.02916891870526423
0.814	0.028473816135534402
0.8145	0.027808421653975235
0.815	0.027171060272697053
0.8155	0.026560139604142326
0.816	0.025974211314649193
0.8165	0.025411896447086618
0.817	0.024871937476202956
0.8175	0.02435313542806232
0.818	0.023854394170658537
0.8185	0.02337466721388769
0.819	0.022912995553211316
0.8195	0.022468462455762967
0.82	0.022040225925906015
0.8205	0.02162748011297684
0.821	0.021229483270147113
0.8215	0.02084552467890232
0.822	0.02047494881516034
0.8225	0.02011712689107054
0.823	0.01977147781609692
0.8235	0.019437443620303283
0.824	0.019114507696376067
0.8245	0.01880217349949028
0.825	0.018499980473865033
0.8255	0.01820748552964602
0.826	0.017924276990561306
0.8265	0.017649958433433442
0.827	0.017384160938726655
0.8275	0.017126528947503935
0.828	0.016876731051696892
0.829	0.01639938012666211
0.83	0.015949759786219795
0.831	0.015525750078209808
0.832	0.015125433169090752
0.833	0.014747070512545084
0.834	0.014389082978054059
0.835	0.0140500335085242
0.836	0.013728611945335471
0.837	0.013423621716323619
0.838	0.013133968129495618
0.839	0.012858648054551539
0.84	0.01259674080700929
0.841	0.01234740007708584
0.842	0.012109846768429102
0.843	0.011883362631090027
0.844	0.011667284589402504
0.845	0.011460999679208977
0.846	0.01126394052055093
0.847	0.011075581261879318
0.848	0.010895433940312739
0.849	0.010723045209711485
0.85	0.010557993394550488
0.851	0.010399885832892329
0.852	0.010248356476364502
0.853	0.010103063718997985
0.854	0.009963688430210636
0.855	0.009829932170186857
0.856	0.009701515568480461
0.857	0.009578176848909836
0.858	0.009459670485768222
0.859	0.009345765978078254
0.86	0.009236246730112535
0.861	0.009130909027710823
0.862	0.009029561101073265
0.863	0.008932022265718853
0.864	0.008838122134189217
0.865	0.008747699891862318
0.866	0.00866060363093523
0.867	0.008576689737249114
0.868	0.008495822325174108
0.869	0.008417872716255022
0.87	0.008342718957748498
0.871	0.008270245377565287
0.872	0.008200342172467817
0.873	0.00813290502669068
0.874	0.008067834758401459
0.875	0.008005036991684894
0.876	0.007944421851937564
0.877	0.00788590368276079
0.878	0.007829400782613778
0.879	0.007774835159646875
0.88	0.0077221323032769925
0.881	0.0076712209711944585
0.882	0.007622032990606453
0.883	0.007574503072625384
0.884	0.007528568638804953
0.885	0.007484169658911206
0.886	0.00744124849909238
0.887	0.007399749779681131
0.888	0.0073596202419250415
0.889	0.007320808622998648
0.89	0.00728326553870147
0.891	0.007246943373293401
0.892	0.007211796175961293
0.893	0.007177779563448674
0.894	0.0071448506284162985
0.895	0.007112967853130275
0.896	0.0070820910281140965
0.897	0.007052181175397739
0.898	0.007023200476068416
0.899	0.006995112201802009
0.9	0.006967880650101209
0.901	0.006941471082976624
0.902	0.006915849668822855
0.903	0.006890983427268963
0.904	0.006866840176707329
0.905	0.006843388484490928
0.906	0.00682059761933511
0.907	0.006798437505944203
0.908	0.006776878681595942
0.909	0.006755892254539077
0.91	0.006735449864033807
0.911	0.006715523641887744
0.912	0.006696086175330977
0.913	0.006677110471098268
0.914	0.006658569920569832
0.915	0.0066404382658424785
0.916	0.006622689566599598
0.917	0.0066052981676567885
0.918	0.006588238667052937
0.919	0.00657148588457259
0.92	0.006555014830575225
0.921	0.006538800675015737
0.922	0.006522818716538709
0.923	0.006507044351527772
0.924	0.006491453042998064
0.925	0.006476020289208188
0.926	0.00646072159187688
0.927	0.006445532423883487
0.928	0.00643042819632902
0.929	0.006415384224826311
0.93	0.006400375694906688
0.931	0.006385377626375511
0.932	0.006370364836521439
0.933	0.006355311901990682
0.934	0.006340193119198835
0.935	0.006324982463108668
0.936	0.006309653544205533
0.937	0.006294179563483182
0.938	0.006278533265256922
0.939	0.0062626868875833
0.94	0.006246612110073362
0.941	0.006230279998856573
0.942	0.006213660948438165
0.943	0.00619672462017257
0.944	0.006179439877045306
0.945	0.006161774714449448
0.946	0.006143696186584922
0.947	0.0061251703281036485
0.948	0.006106162070357834
0.949	0.006086635153818892
0.95	0.006066552027873165
0.951	0.006045873757050352
0.952	0.006024559903722328
0.953	0.006002568415236759
0.954	0.005979855496847554
0.955	0.005956375476259683
0.956	0.005932080658457362
0.957	0.005906921167864502
0.958	0.005880844779503308
0.959	0.005853796735897293
0.96	0.005825719549865865
0.961	0.005796552789741468
0.962	0.005766232848745938
0.963	0.005734692693542202
0.964	0.005701861592078327
0.965	0.0056676648180244765
0.966	0.005632023329666203
0.967	0.005594853420800538
0.968	0.005556066340962978
0.969	0.005515567882095278
0.97	0.005473257928483997
0.971	0.0054290299665972624
0.972	0.005382770551169759
0.973	0.005334358723719887
0.974	0.005283665379445057
0.975	0.005230552578389199
0.976	0.005174872796589598
0.977	0.005116468115631405
0.978	0.005055169331697311
0.979	0.004990795035658382
0.98	0.004923150546460241
0.981	0.0048520268567765834
0.982	0.004777199456290624
0.983	0.0046984271165090566
0.984	0.004615450629066929
0.985	0.00452799152609535
0.986	0.004435750822571776
0.987	0.0043384078416589455
0.98736	0.004302049989558972
0.988	0.0042477152487939915
0.989	0.0041788246426203305
0.99	0.004123648732522118
0.991	0.004081458522103668
0.992	0.00405316614940043
0.9925	0.0040447837624604105
0.993	0.004040644953473256
0.9935	0.004041118821524309
0.994	0.0040466322384911674
0.9945	0.004057675969520844
0.995	0.004074810527797188
0.99522	0.00408444087610304
0.99561	0.004114728427342167
0.996	0.004158705601456188
0.9965	0.004232322781172704
0.997	0.004325336091044853
0.9975	0.004438748025249754
0.998	0.004574128215205041
0.99825	0.004650667022156839
0.9985	0.0047334830120515144
0.99875	0.0048228921529870255
0.999	0.004919236613031975
0.99925	0.005022886497373964
0.9995	0.005134243154590319
0.99975	0.005253738957659047
1.0	0.0053818386170714095
1.00025	0.0055190424616115286
1.0005	0.005665892131007608
1.00075	0.005822970156707686
1.001	0.005990901984004793
1.00125	0.006170361149895181
1.0015	0.006362078337601903
1.00175	0.006566840314772968
1.002	0.006785492817292882
1.00225	0.007018948528175708
1.0025	0.007268201310161969
1.00275	0.0075343239484796775
1.003	0.007818472267525706
1.00325	0.008121897486650573
1.0035	0.008445968695327597
1.00375	0.008792168536831166
1.004	0.009162099216944098
1.00425	0.009557501912658056
1.0045	0.009980292682254373
1.004625	0.010202602900127202
1.00475	0.010432554652966795
1.004875	0.010670435978849584
1.005	0.010916547069019105
1.005125	0.011171202458779044
1.00525	0.011434736372901388
1.005375	0.011707498769598184
1.0055	0.011989854540619257
1.005625	0.012282184315213086
1.00575	0.012584885314374702
1.005875	0.012898372258940556
1.006	0.013223078335391597
1.006125	0.013559458835678292
1.00625	0.013908000090300139
1.006375	0.014269212801703495
1.0065	0.014643630674584096
1.006625	0.01503181173989506
1.00675	0.015434339767241564
1.006875	0.01585182577237035
1.007	0.016284909627004827
1.007125	0.016734266256605217
1.00725	0.0172006209167438
1.007375	0.017684737734828235
1.0075	0.01818741733875618
1.007625	0.01870949911138302
1.00775	0.01925186360625056
1.007875	0.01981543513761393
1.008	0.020401184559038037
1.008125	0.021010140129638432
1.00825	0.021643414376281332
1.008375	0.022302183900123323
1.0085	0.02298768519840265
1.008625	0.023701218649902364
1.00875	0.02444415280681225
1.008875	0.02521792901961689
1.009	0.026024066424173774
1.009125	0.026864181673355733
1.00925	0.02774003781295898
1.009375	0.02865350753423778
1.0095	0.02960656561624285
1.009625	0.030601296272125145
1.00975	0.03163990110409615
1.0098125	0.03217637854213566
1.009875	0.03272470772368102
1.0099375	0.033285200822584134
1.01	0.03385817909978127
1.0100625	0.03444397663207353
1.010125	0.03504295084075063
1.0101875	0.03565547268472594
1.01025	0.03628192365066747
1.0103125	0.036922696151035155
1.010375	0.0375781939392923
1.0104375	0.0382488325430592
1.0105	0.03893503971614457
1.0105625	0.03963725591032434
1.010625	0.040355934767811685
1.0106875	0.0410915436354667
1.01075	0.04184456410178602
1.0108125	0.04261549255775969
1.010875	0.04340484078284242
1.0109375	0.04421313655718175
1.011	0.045040924301500945
1.0110625	0.04588877247630699
1.011125	0.04675729447555885
1.0111875	0.04764712917265341
1.01125	0.048558934955678
1.0113125	0.04949339052742127
1.011375	0.05045119574242589
1.0114375	0.05143307248294312
1.0115	0.05243976557573135
1.0115625	0.05347204375182649
1.011625	0.05453070065148454
1.0116875	0.055616555876515955
1.01175	0.056730456092573676
1.0118125	0.05787327618386694
1.011875	0.05904592046301083
1.0119375	0.06024932393891059
1.012	0.06148445364561979
1.0120625	0.06275232406017626
1.012125	0.0640540406445599
1.0121875	0.06539075931471088
1.01225	0.0667636740234691
1.0123125	0.06817401844516009
1.012375	0.06962306774275795
1.0124375	0.07111214042188294
1.0125	0.07264260027615588
1.0125625	0.07421585842864924
1.012625	0.07583337547431727
1.0126875	0.07749666372867345
1.01275	0.07920728958817906
1.0128125	0.08096687600794342
1.012875	0.0827771051028762
1.0129375	0.08463972087839257
1.013	0.0865565320973022
1.0130625	0.08852944644127832
1.013125	0.09056056714095778
1.0131875	0.09265210286535809
1.01325	0.09480634005663635
1.0133125	0.09702564658555833
1.013375	0.09931247558836544
1.0134375	0.10166936949338831
1.0135	0.10409896424608478
1.0135625	0.10660399374156587
1.013625	0.10918729447368242
1.0136875	0.11185181040982785
1.01375	0.11460059810105803
1.0138125	0.11743683203674689
1.013875	0.1203638102532007
1.0139375	0.12338496020551505
1.014	0.12650384491172847
1.0140625	0.12972424145393008
1.014125	0.13305036395639375
1.0141875	0.13648665442984323
1.01425	0.14003771801768222
1.0143125	0.14370833061803695
1.014375	0.14750344681814792
1.0144375	0.151428208143066
1.0145	0.15548795161889423
1.0145625	0.15968821864751706
1.014625	0.16403476418688118
1.01465625	0.16626475054281628
1.0146875	0.16853356622698612
1.01471875	0.170841994937762
1.01475	0.17319083554717343
1.01478125	0.17558090241966715
1.0148125	0.17801302573448058
1.01484375	0.18048805181102687
1.014875	0.18300684343713466
1.01490625	0.18557028019993624
1.0149375	0.18817925881872452
1.01496875	0.1908346934794586
1.015	0.1935375161706491
1.01503125	0.19628869846883606
1.0150625	0.19908931622757814
1.01509375	0.20194048557549407
1.015125	0.20484334180304153
1.01515625	0.20779903969505503
1.0151875	0.2108087538605651
1.01521875	0.21387367905854293
1.01525	0.21699503051890165
1.01528125	0.22017404425765014
1.0153125	0.22341197738470073
1.01534375	0.22671010840331884
1.015375	0.2300697374998084
1.01540625	0.23349218682161038
1.0154375	0.23697880074242308
1.01546875	0.2405309461125375
1.0155	0.24415001249232662
1.01553125	0.24783741236665938
1.0155625	0.25159458133857315
1.01559375	0.2554229782989322
1.015625	0.25932408557006453
1.01565625	0.26329940902040583
1.0156875	0.26735047814694474
1.01571875	0.27147884612233225
1.01575	0.2756860898032775
1.01578125	0.27997380969620805
1.0158125	0.2843436298763021
1.01584375	0.2887971978557359
1.015875	0.29333618439626286
1.01590625	0.2979622832612215
1.0159375	0.30267721090219385
1.01596875	0.30748270607389167
1.016	0.3123805293718424
1.01603125	0.31737250320218213
1.0160625	0.3224606327018066
1.01609375	0.3276469834748106
1.016125	0.3329336402400916
1.01615625	0.33832270587823693
1.0161875	0.3438163003563908
1.01621875	0.34941655952210443
1.01625	0.35512563375619877
1.01628125	0.3609456864744595
1.0163125	0.3668788924681627
1.01634375	0.37292743607107876
1.016375	0.3790935091416755
1.01640625	0.3853793088483762
1.0164375	0.3917870352440623
1.01646875	0.39831888861656806
1.0165	0.40497706660131993
1.01653125	0.41176376104040635
1.0165625	0.41868115457330213
1.01659375	0.42573141694334504
1.016625	0.4329167010028324
1.01665625	0.44023913840023965
1.0166875	0.4477008349318051
1.01671875	0.45530386553997987
1.01675	0.463050268939703
1.01678125	0.47094204185463634
1.0168125	0.4789811328445826
1.01684375	0.4871694357050042
1.016875	0.49550878241979396
1.01690625	0.5040009356494961
1.0169375	0.5126475807360373
1.01696875	0.5214503172061715
1.017	0.5304106497581098
1.01703125	0.5395299532504991
1.0170625	0.5488093862109158
1.01709375	0.5582499565575363
1.017125	0.5678525358307501
1.01715625	0.5776178473821244
1.0171875	0.5875464539764613
1.01721875	0.5976387448023143
1.01725	0.6078949218925139
1.01728125	0.6183149859596291
1.0173125	0.6288987216539514
1.01734375	0.6396456822594815
1.017375	0.6505551738483594
1.01740625	0.6616262389190705
1.0174375	0.6728576395528111
1.01746875	0.6842478401303529
1.0175	0.6957949896575776
1.01753125	0.7074969037602412
1.0175625	0.7193510464174036
1.017625	0.7435040042905596
1.0176875	0.7682258396630156
1.01775	0.7934817219376072
1.0178125	0.8192294416399041
1.017875	0.8454188745757515
1.0179375	0.8719915045416744
1.018	0.8988800304432957
1.018125	0.9532486230541949
1.01825	1.007596328424453
1.0183125	1.0344203755292274
1.018375	1.0608126520940195
1.0184375	1.0866157035851975
1.0185	1.1116668085186059
1.01853125	1.123858489629352
1.0185625	1.1357996250456537
1.01859375	1.1474691734730933
1.018625	1.1588461232319682
1.01865625	1.1699095660258723
1.0186875	1.1806387735854433
1.01871875	1.1910132766677446
1.01875	1.2010129458285603
1.01878125	1.2106180733328171
1.0188125	1.2198094555192478
1.01884375	1.228568474893535
1.018875	1.2368771811935952
1.01890625	1.2447183706492988
1.0189375	1.2520756626466698
1.01896875	1.2589335730100104
1.019	1.2652775831287837
1.01903125	1.2710948202379253
1.0190625	1.2763759643520953
1.01909375	1.2811134527117383
1.019125	1.2853009092574275
1.01915625	1.2889331827478698
1.0191875	1.2920063770697203
1.01921875	1.2945178733966205
1.01925	1.296466343954037
1.01928125	1.297851757248891
1.0193125	1.2986753747273885
1.01934375	1.2989397389307793
1.019375	1.298648653321765
1.01940625	1.2978071540544316
1.0194375	1.2964214740549886
1.01946875	1.2944989998671388
1.0195	1.2920482217943994
1.01953125	1.2890786779391108
1.0195625	1.285600892794478
1.01959375	1.281626311091256
1.019625	1.2771672276328545
1.01965625	1.2722367138721817
1.0196875	1.266848541993113
1.01971875	1.2610171072539333
1.01975	1.254757349336359
1.01978125	1.2480846734185618
1.0198125	1.2410148716571563
1.01984375	1.2335640457196664
1.019875	1.225748530963182
1.01990625	1.217584822799074
1.0199375	1.2090895057262774
1.01996875	1.2002791854573867
1.02	1.1911704244977837
1.02003125	1.1817801056380046
1.0200625	1.1721266478644483
1.020125	1.1521045761105346
1.0201875	1.1312498619682132
1.02025	1.1097026844991074
1.0203125	1.0875966928681458
1.020375	1.065058216728793
1.0205	1.0191495082985493
1.020625	0.972825621033666
1.02075	0.9268047120486824
1.0208125	0.9040981690669907
1.020875	0.8816813124147153
1.0209375	0.8596112486379259
1.021	0.8379391229797319
1.0210625	0.8167071002911688
1.021125	0.7959382773997103
1.0211875	0.7756477706964998
1.02125	0.7558467232213597
1.0213125	0.7365427556050228
1.021375	0.7177403886136116
1.0214375	0.6994414352712517
1.0215	0.6816453616483311
1.0215625	0.6643496162769881
1.021625	0.6475499288304436
1.0216875	0.6312405792016134
1.02175	0.6154146384683291
1.0218125	0.6000641834673843
1.021875	0.5851804868379714
1.0219375	0.5707541844551876
1.022	0.5567754221795587
1.0220625	0.5432337743283757
1.022125	0.5301177260992499
1.0221875	0.5174153975307483
1.02225	0.5051148350047855
1.0223125	0.4932040811380446
1.022375	0.48167123389602967
1.0224375	0.4705044961898258
1.0225	0.4596922171001481
1.0225625	0.44922292576409845
1.022625	0.43908535885551464
1.0226875	0.4292684824917882
1.02275	0.41976150931180867
1.0228125	0.41055391138483177
1.022875	0.4016354295363895
1.0229375	0.39299607960838795
1.023	0.3846261561079476
1.0230625	0.3765162393655488
1.023125	0.36865721227541803
1.0231875	0.3610402411608778
1.02325	0.3536567667865835
1.0233125	0.3464985000324845
1.023375	0.3395574167095633
1.0234375	0.332825751690548
1.0235	0.32629599250481267
1.0235625	0.31996087252464234
1.023625	0.3138133638524677
1.0236875	0.3078466700021436
1.02375	0.30205421845301883
1.0238125	0.2964296531433734
1.023875	0.29096682695937587
1.0239375	0.28565979426582455
1.024	0.280502803517239
1.0240625	0.275490372742501
1.024125	0.2706175307300446
1.0241875	0.26587956183296985
1.02425	0.2612719164104091
1.0243125	0.25679020420605986
1.024375	0.25243018792169636
1.0244375	0.24818777699214675
1.0245	0.24405902156506193
1.0245625	0.24004010668805234
1.024625	0.23612734670295896
1.0246875	0.2323171798464605
1.02475	0.22860616305490847
1.0248125	0.22499096697005913
1.024875	0.22146837114197643
1.0249375	0.21803525942483082
1.025	0.21468861556036895
1.0250625	0.2114255560932734
1.025125	0.20824343778015286
1.0251875	0.20513974228838167
1.02525	0.2021120353317345
1.0253125	0.19915796311057307
1.025375	0.19627524890591325
1.0254375	0.19346168982157558
1.0255	0.1907151536688035
1.0255625	0.18803357598750692
1.025625	0.1854149571986117
1.0256875	0.18285735988224608
1.02575	0.18035890617626302
1.0258125	0.17791777529004132
1.025875	0.17553220112872506
1.0259375	0.17320047002286265
1.026	0.17092091855893193
1.0260625	0.16869195493586656
1.026125	0.1665121272841376
1.0261875	0.16438005150400506
1.02625	0.16229438602976748
1.0263125	0.1602538301008127
1.026375	0.15825712210915638
1.0264375	0.15630303802005194
1.0265	0.1543903898621161
1.0265625	0.15251802428403574
1.026625	0.15068482117456167
1.0266875	0.1488896923429597
1.02675	0.14713158025721648
1.0268125	0.1454094568371547
1.026875	0.14372232230002985
1.027	0.14044915565259075
1.027125	0.1373047044792211
1.02725	0.1342823689608977
1.027375	0.13137600462275853
1.0275	0.12857979847028014
1.027625	0.1258882445691162
1.02775	0.1232961216290618
1.027875	0.12079847241418147
1.028	0.11839058481756544
1.028125	0.11606803200837311
1.02825	0.11382682912849314
1.028375	0.1116632459716084
1.0285	0.10957373584207866
1.028625	0.10755492301034235
1.02875	0.1056035911345917
1.028875	0.10371667256688408
1.029	0.10189123846923594
1.029125	0.10012452343360105
1.02925	0.09841401833844496
1.029375	0.09675736128557731
1.0295	0.09515229658449009
1.029625	0.09359666801716694
1.02975	0.09208841258757774
1.029875	0.09062555471720957
1.03	0.08920620085123096
1.030125	0.0878285554341815
1.03025	0.0864909792372434
1.030375	0.0851919220754846
1.0305	0.08392989777396806
1.030625	0.0827034803944
1.03075	0.08151130071543906
1.030875	0.08035204294764246
1.031	0.0792244416655444
1.031125	0.07812729231710862
1.03125	0.07705948868497216
1.031375	0.07601998027282447
1.0315	0.07500775658514096
1.031625	0.07402184492876226
1.03175	0.07306130835273553
1.031875	0.07212524371669363
1.032	0.07121277987877034
1.032125	0.07032308481902991
1.03225	0.06945539052365003
1.032375	0.0686089650261575
1.0325	0.06778310217440739
1.032625	0.06697712030358707
1.03275	0.06619036098751357
1.033	0.0646719855225489
1.03325	0.06322317793483079
1.0335	0.061839634949034335
1.03375	0.060517375720971635
1.034	0.0592526682934075
1.03425	0.05804203976499277
1.0345	0.0568823553142346
1.03475	0.05577070033117327
1.035	0.054704330706181
1.03525	0.05368068149847445
1.0355	0.05269742421590677
1.03575	0.05175238420267926
1.036	0.050843506212515426
1.03625	0.04996886159143871
1.0365	0.04912669049708778
1.03675	0.04831534275976973
1.037	0.04753325351129299
1.03725	0.046778949058514936
1.0375	0.04605107847873978
1.03775	0.04534837047776444
1.038	0.044669615794761634
1.03825	0.0440136719809392
1.0385	0.04337948737803829
1.03875	0.04276606910499364
1.039	0.04217247012719684
1.03925	0.041597793141696475
1.0395	0.04104120901049423
1.03975	0.040501932636233744
1.04	0.03997921330536957
1.04025	0.03947233785289907
1.0405	0.038980645001519106
1.04075	0.03850350692598824
1.041	0.038040321935167924
1.0415	0.03715355932289612
1.042	0.03631617640217817
1.0425	0.03552437608237153
1.043	0.03477475314678332
1.0435	0.03406420167366473
1.044	0.03338992369639627
1.0445	0.03274935714447636
1.045	0.03214018435288079
1.0455	0.03156027536354263
1.046	0.031007695963409982
1.0465	0.03048066262531241
1.047	0.029977549927245856
1.0475	0.029496854408824543
1.048	0.029037201318742652
1.0485	0.02859731537397742
1.049	0.028176026840560215
1.0495	0.027772247687141177
1.05	0.027384977032375666
1.0505	0.027013281552877744
1.051	0.026656300346113843
1.0515	0.026313228720633432
1.052	0.0259833225268237
1.05261	0.025597656622732227
1.053	0.025360268912891122
1.0535	0.025065868670939632
1.054	0.024782120336404274
1.055	0.024244495500336895
1.056	0.023743554391653127
1.057	0.023275918509607404
1.058	0.022838604624549078
1.059	0.022428969489565766
1.06	0.022044663469237974
1.061	0.021683591467550025
1.06179	0.021413533240308272
1.062	0.02134388181317054
1.063	0.021023881700075405
1.064	0.020722078317154058
1.065	0.020437106715749297
1.066	0.02016773503328272
1.067	0.019912847934833288
1.068	0.019671433137651836
1.069	0.01944256987446941
1.07	0.019225418864922083
1.071	0.019019213613505732
1.072	0.018823252756206076
1.073	0.018636893374299645
1.074	0.01845954509703152
1.075	0.018290664900754983
1.076	0.01812975251021081
1.077	0.01797634631402091
1.078	0.01783001974956253
1.079	0.01769037806955536
1.08	0.01755705546503872
1.081	0.017429712484042844
1.082	0.017308033733626015
1.083	0.0171917258043002
1.084	0.01708051540322975
1.085	0.016974147689352907
1.086	0.016872384742179003
1.087	0.016775004208547953
1.088	0.01668179806223879
1.089	0.016592571475001497
1.09	0.016507141796923717
1.091	0.016425337635983084
1.092	0.016346998012226055
1.093	0.01627197158938653
1.094	0.016200115954428537
1.095	0.01613129700563207
1.096	0.016065388341561404
1.097	0.016002270725045422
1.098	0.015941831595132745
1.099	0.015883964615535647
1.1	0.015828569233730192
1.101	0.015775550332133754
1.102	0.015724810888298534
1.103	0.0156762681573975
1.104	0.015629845726561526
1.105	0.015585469941084989
1.106	0.015543069733818369
1.107	0.01550257644377771
1.108	0.015463923673580897
1.109	0.015427047140024717
1.11	0.015391884536145982
1.111	0.015358375419060138
1.112	0.015326462622578571
1.113	0.015296096798751947
1.114	0.015267231699977733
1.115	0.015239822563639926
1.116	0.015213826002784517
1.117	0.015189199954950999
1.118	0.015165903584177907
1.119	0.01514389721417058
1.12	0.015123142274333055
1.121	0.01510360121582601
1.122	0.015085238328945923
1.12234	0.015079257682151093
1.123	0.01506802218328222
1.124	0.015051923100899514
1.125	0.015036912228315538
1.126	0.01502296152430931
1.127	0.015010043695584393
1.128	0.014998132174583451
1.129	0.014987201059719268
1.13	0.014977225113443278
1.1301999999999999	0.01497534236542084
1.13086	0.014969390934099613
1.131	0.014968179689368982
1.132	0.01496004128114086
1.133	0.014952789072173988
1.134	0.014946403332551782
1.135	0.014941021102093003
1.136	0.014936304232153629
1.137	0.014932397800813253
1.138	0.014929283960725818
1.139	0.014926945292374906
1.14	0.014925364760981774
1.141	0.014924525731782557
1.142	0.014924412251821981
1.143	0.014925010084872748
1.144	0.014926305661076975
1.145	0.014928285741762193
1.146	0.014930937382025751
1.147	0.01493424795092342
1.148	0.014938205083208827
1.149	0.014942796682755046
1.15	0.014948010927419356
1.151	0.014953836221933428
1.152	0.014960261442760275
1.153	0.014967276569873017
1.154	0.014974872034299475
1.155	0.014983038468436384
1.156	0.014991766713384131
1.157	0.01500104781114388
1.158	0.015010872976437668
1.159	0.015021233623820218
1.16	0.015032121320681355
1.161	0.01504352781475823
1.162	0.015055445150101307
1.163	0.015067866088884578
1.164	0.015080783698401665
1.165	0.015094191173846057
1.166	0.01510808186957094
1.167	0.015122449257351364
1.168	0.015137286937629725
1.169	0.015152588651598487
1.17	0.01516834823968868
1.171	0.015184559672266099
1.172	0.015201217108768707
1.173	0.015218315175003659
1.174	0.015235848679774752
1.175	0.01525381253116725
1.176	0.015272201751763062
1.177	0.015291011438142486
1.178	0.015310236792802542
1.179	0.015329873100730983
1.18	0.015349915726345779
1.181	0.015370360129334702
1.182	0.015391201880923805
1.183	0.015412436815639318
1.184	0.015434061452359996
1.185	0.015456071251392214
1.186	0.01547846312946247
1.187	0.015501232832094558
1.188	0.015524376163064287
1.189	0.015547889432029447
1.19	0.015571769000992563
1.191	0.015596011301502927
1.192	0.015620612823571692
1.193	0.01564557015066069
1.194	0.015670879948018857
1.195	0.015696538917030652
1.196	0.015722543812482018
1.197	0.015748891448962663
1.198	0.01577557868004169
1.199	0.01580260241616193
1.2	0.015829959602171248
1.201	0.015857647233084724
1.202	0.015885662330169484
1.203	0.01591400185486192
1.204	0.015942662784055203
1.205	0.01597164215148601
1.206	0.016000937007850134
1.207	0.016030544458484817
1.208	0.01606046163141907
1.209	0.016090685695628312
1.21	0.01612121386039739
1.211	0.016152043358658916
1.212	0.016183171397964276
1.213	0.016214595011364605
1.214	0.016246311188340464
1.215	0.016278316949255318
1.216	0.01631060935277175
1.217	0.016343185475164498
1.218	0.016376042429574002
1.219	0.016409177345541755
1.22	0.016442587376154737
1.221	0.01647626971752212
1.222	0.016510221482390425
1.223	0.016544439446277214
1.224	0.01657892032581274
1.225	0.016613660852609756
1.226	0.016648657772931477
1.227	0.01668390786772895
1.228	0.016719407925605643
1.229	0.016755154754217794
1.23	0.016791145192164684
1.231	0.01682737608438248
1.232	0.016863844166346998
1.233	0.01690054569076336
1.234	0.016937476785029472
1.235	0.01697463359499418
1.236	0.017012012280777842
1.237	0.01704960901706857
1.238	0.017087419992235602
1.239	0.01712544140785703
1.24	0.01716366947846176
1.241	0.017202100431521553
1.242	0.01724073034034382
1.243	0.017279554619314255
1.244	0.0173185685243241
1.245	0.017357767319895998
1.246	0.017397146279284192
1.247	0.01743670068514054
1.248	0.01747642582853452
1.249	0.01751631700853858
1.25	0.01755636953210221
1.251	0.017596578714268188
1.252	0.017636939672227014
1.253	0.0176774467053131
1.254	0.017718093901224044
1.255	0.01775887535974606
1.256	0.01779978518159211
1.257	0.017840817472372737
1.258	0.017881966341413504
1.259	0.017923225901350613
1.26	0.017964590268121486
1.261	0.018006053561424724
1.262	0.018047609665568756
1.263	0.018089251504979142
1.264	0.018130971762724418
1.265	0.018172763120720373
1.26584	0.01820791745346867
1.266	0.018214618260330787
1.2665	0.01823556746152975
1.267	0.018256529864065393
1.268	0.018298490614030605
1.269	0.018340493191477476
1.27	0.018382530276904157
1.271	0.018424594550815937
1.272	0.018466678436517642
1.273	0.018508773318863657
1.274	0.01855087031872178
1.275	0.01859296055199679
1.276	0.018635035130572946
1.277	0.018677085164811383
1.278	0.018719101761429085
1.279	0.018761076022932834
1.28	0.018802999047836864
1.281	0.01884486193181649
1.282	0.01888665551404639
1.283	0.0189283696584913
1.284	0.018969993949516047
1.285	0.019011517971929643
1.286	0.01905293130455962
1.287	0.019094223523887382
1.288	0.01913538420102878
1.289	0.019176402900949092
1.28942	0.01919358590597793
1.29	0.0192172692414317
1.291	0.01925797303342814
1.292	0.019298503676760975
1.293	0.01933884977807776
1.294	0.01937899974709692
1.295	0.01941894198572165
1.296	0.0194586648907757
1.297	0.019498156859023865
1.298	0.019537406282591027
1.2986	0.019560834684263124
1.299	0.019576401605824967
1.3	0.01961513174996196
1.301	0.01965358523466593
1.302	0.019691750392030107
1.303	0.01972961530827364
1.304	0.019767168004633257
1.305	0.019804396498710394
1.306	0.01984128880678809
1.307	0.0198778329527231
1.308	0.019914016960079443
1.309	0.019949828850761315
1.31	0.019985256645700257
1.311	0.02002028836789464
1.312	0.020054912207270337
1.313	0.020089116978285745
1.314	0.02012289165398312
1.315	0.020156225211293875
1.316	0.02018910663575865
1.317	0.020221524932763194
1.318	0.020253469117016712
1.319	0.020284928209062927
1.32	0.020315891235497457
1.321	0.020346347234636818
1.322	0.02037628572959355
1.323	0.020405698095394893
1.324	0.020434576181938464
1.325	0.02046291185441192
1.326	0.020490697000004107
1.327	0.020517923545311026
1.328	0.020544583445222007
1.329	0.020570668649066398
1.33	0.02059617114249393
1.3304999999999998	0.020608701370970227
1.331	0.020621139714429613
1.332	0.020645703642692775
1.333	0.02066978210225756
1.334	0.020693350174370264
1.335	0.020716395248912212
1.336	0.020738909180044524
1.337	0.020760886017437075
1.338	0.02078232112440914
1.339	0.020803210702984805
1.34	0.020823551538182192
1.341	0.020843340852855864
1.342	0.020862577419707796
1.343	0.020881264987930928
1.344	0.020899408704706444
1.345	0.020917013899677313
1.346	0.02093408607015518
1.347	0.020950630904794425
1.348	0.020966654211084835
1.349	0.020982161879498775
1.35	0.020997159863785357
1.351	0.021011654184124616
1.352	0.02102565238580767
1.353	0.02103916771667331
1.354	0.02105221485485836
1.355	0.021064808473986632
1.356	0.021076963252502957
1.357	0.021088693931747334
1.358	0.021100015213014568
1.359	0.021110941702690473
1.36	0.02112148788822331
1.361	0.021131668142037888
1.362	0.02114149823408874
1.363	0.021150999504572353
1.364	0.021160194505083985
1.365	0.02116910552475306
1.366	0.02117775459603837
1.367	0.021186163580173344
1.368	0.0211943539917284
1.369	0.02120234690267614
1.37	0.021210162892931254
1.371	0.02121782204312803
1.372	0.0212253452047628
1.373	0.021232757317322274
1.374	0.021240083784820264
1.375	0.021247349237474983
1.376	0.02125457751491228
1.377	0.021261791743822468
1.378	0.02126901412444345
1.379	0.0212762658165496
1.38	0.02128356687117371
1.381	0.02129093620030494
1.382	0.021298392271776077
1.383	0.021305954960660196
1.384	0.021313643461814767
1.385	0.021321475685569576
1.386	0.021329468085236652
1.387	0.02133763573332433
1.388	0.021345992305838085
1.389	0.021354550106591527
1.39	0.021363320108958365
1.391	0.02137231198873869
1.392	0.021381534147124556
1.393	0.02139099400154878
1.394	0.021400698091237378
1.395	0.021410652231578956
1.396	0.021420861689499002
1.397	0.021431331310532632
1.398	0.021442065918644455
1.399	0.021453070669123536
1.4	0.021464351387247785
1.401	0.021475914907587223
1.402	0.02148776879587917
1.403	0.021499920109921036
1.404	0.021512377554165293
1.405	0.021525152458251925
1.406	0.021538259163647655
1.407	0.021551715361202456
1.408	0.021565542473942153
1.409	0.021579765974169125
1.41	0.021594415637606192
1.411	0.021609525763639233
1.412	0.021625134254199253
1.413	0.02164127975277174
1.414	0.02165800454876965
1.415	0.02167535549590661
1.416	0.02169338385359421
1.417	0.021712145067060498
1.418	0.021731698429035547
1.419	0.021752106696549776
1.42	0.02177343566346891
1.421	0.021795753719917307
1.422	0.021819130236060504
1.423	0.02184363140914267
1.424	0.021869323272288715
1.425	0.021896272363726994
1.426	0.02192454525721389
1.427	0.02195420815831221
1.428	0.02198532640267359
1.429	0.022017964042009494
1.43	0.022052183495388906
1.431	0.022088045280155295
1.432	0.022125606646873776
1.433	0.022164917968801778
1.434	0.022206025822067512
1.435	0.02224897419698105
1.436	0.02229380444207245
1.437	0.022340555347054408
1.438	0.022389263075381863
1.439	0.022439961195463886
1.44	0.02249268076414274
1.441	0.02254745046540786
1.442	0.022604295838630852
1.443	0.022663236339107398
1.444	0.022724288421947028
1.445	0.02278746668956087
1.446	0.02285278407938811
1.447	0.022920252124552752
1.448	0.02298988100922171
1.449	0.023061679682872104
1.45	0.023135656010067274
1.451	0.023211816943744332
1.452	0.023290167996411416
1.453	0.023370710955601417
1.454	0.023453446257550303
1.455	0.02353837386121352
1.456	0.0236254933906234
1.457	0.02371480434282249
1.458	0.023806306052851056
1.459	0.02389999773100129
1.46	0.023995878527111738
1.461	0.024093947626773582
1.462	0.024194203843505235
1.463	0.024296643909628438
1.464	0.024401264144126657
1.465	0.02450806104031094
1.466	0.024617031359953672
1.467	0.024728172344663138
1.468	0.024841481554634306
1.469	0.024956956829288803
1.47	0.025074596303425668
1.471	0.025194398437131237
1.472	0.025316361680815788
1.473	0.02544048324746484
1.474	0.025566760283528084
1.475	0.02569519026761941
1.476	0.025825771078003223
1.477	0.02595850118835953
1.478	0.026093379472910263
1.479	0.02623040508237579
1.48	0.026369577672272295
1.481	0.026510897084598316
1.482	0.026654363353064498
1.483	0.02679997561779784
1.484	0.026947733018886033
1.485	0.027097635000962572
1.486	0.027249681367181262
1.487	0.027403872452652037
1.488	0.027560208938392734
1.489	0.027718691784858692
1.49	0.027879322225221607
1.491	0.028042101781035424
1.492	0.028207032018191167
1.493	0.028374113557193922
1.494	0.028543346954792184
1.495	0.02871473300135554
1.496	0.02888827276706153
1.497	0.029063967754055176
1.498	0.029241819730991013
1.499	0.029421830673571167
1.5	0.029604002758135316
1.501	0.02978833838328619
1.502	0.02997483987501604
1.503	0.03016350827747135
1.504	0.030354344469056698
1.505	0.03054734938446507
1.506	0.030742524252327395
1.507	0.030939870529181696
1.508	0.03113938984606082
1.509	0.031341083977126066
1.51	0.031544954831415534
1.511	0.03175100446380444
1.512	0.03195923460859154
1.513	0.032169645115552044
1.514	0.03238223543773204
1.515	0.032597005129487704
1.516	0.032813953841912616
1.517	0.033033081319974636
1.518	0.03325438739415529
1.519	0.03347787197373662
1.52	0.03370353504080418
1.521	0.033931376779970344
1.522	0.0341613969972712
1.523	0.034393592362971466
1.524	0.03462795886690583
1.525	0.034864492555929674
1.526	0.03510320456571607
1.527	0.03534410189304592
1.528	0.03558718134807058
1.529	0.03583243976440232
1.53	0.03607987444808437
1.531	0.036329482436935644
1.532	0.036581259357551396
1.533	0.036835197204499265
1.534	0.03709128703892441
1.535	0.03734951988548036
1.536	0.037609886573771095
1.537	0.037872377418560504
1.538	0.03813698250796118
1.539	0.03840369180929691
1.54	0.03867249514258268
1.541	0.03894338199845188
1.542	0.03921633997039829
1.543	0.039491351986456445
1.544	0.03976839962658758
1.545	0.040047464151488014
1.546	0.040328526251733415
1.547	0.040611565370934244
1.548	0.040896560287207936
1.549	0.041183489268844915
1.55	0.04147233001436146
1.551	0.04176305931409718
1.552	0.04205565100153828
1.553	0.042350073165930806
1.554	0.04264629185788922
1.555	0.04294427214037494
1.556	0.04324397765487623
1.557	0.043545369500017125
1.558	0.043848407115092004
1.559	0.04415304853380644
1.56	0.04445925023682222
1.561	0.044766966628552576
1.562	0.045076147551579716
1.563	0.04538673616066368
1.564	0.0456986724698654
1.565	0.04601189436885199
1.566	0.04632633705887608
1.567	0.046641931626287776
1.56731	0.04673998870638739
1.568	0.04695905079846516
1.569	0.04727804569683116
1.57	0.04759849836253398
1.571	0.047920245980425644
1.572	0.04824316856548466
1.573	0.048567161911612415
1.574	0.04889213319260117
1.575	0.04921800037054689
1.576	0.04954469283240008
1.577	0.04987215264712895
1.578	0.050200341322876346
1.579	0.0505292469635973
1.58	0.05085889272806084
1.581	0.051189346446242845
1.582	0.05152073054309034
1.583	0.051853237142424305
1.584	0.05218714213497032
1.585	0.05252281679608873
1.586	0.05286073390684099
1.587	0.05320146396621275
1.588	0.05354566260162139
1.589	0.05389403917865635
1.59	0.05424730511392562
1.591	0.05460610290526529
1.592	0.0549709232949351
1.593	0.05534202940792948
1.594	0.05571939155840362
1.595	0.056102657143335566
1.596	0.05649116495993401
1.597	0.056884001484858525
1.598	0.057280092542079976
1.599	0.05767830660935526
1.6	0.05807755035968942
1.601	0.05847684206548226
1.602	0.05887535730230147
1.603	0.05927245434504893
1.604	0.059667662471895304
1.605	0.06006065970627585
1.606	0.0604512448743734
1.607	0.06083930745711511
1.608	0.061224801491530804
1.609	0.06160772252078777
1.61	0.06198808925003629
1.611	0.06236592895938545
1.612	0.06274126998328865
1.613	0.0631141453213185
1.614	0.063484577551412
1.615	0.0638525723460667
1.616	0.06421811663069361
1.617	0.06458117836930807
1.618	0.06494170519211478
1.619	0.06529962477973526
1.62	0.06565484504631873
1.621	0.06600725466699553
1.622	0.06635672875883891
1.623	0.06670314061230684
1.624	0.06704634930470811
1.625	0.0673861956709002
1.626	0.06772250327979501
1.627	0.06805508033419541
1.628	0.06838371806284019
1.629	0.06870819031429748
1.63	0.06902825356032928
1.631	0.06934364805362728
1.632	0.06965410451163094
1.633	0.06995935447123366
1.634	0.07025911703719978
1.635	0.07055309514876046
1.636	0.07084097684032788
1.637	0.07112243885742787
1.638	0.07139714409514
1.639	0.07166474102513257
1.64	0.07192486456732533
1.641	0.07217713793274826
1.642	0.07242118059387163
1.643	0.07265661573101524
1.644	0.07288306031384002
1.645	0.07310012314750014
1.646	0.07330740741279805
1.647	0.07350451610620133
1.648	0.07369104989291934
1.649	0.07386660774790067
1.65	0.07403078894300257
1.651	0.07418319613660417
1.652	0.07432344318466924
1.653	0.07445115928057085
1.654	0.07456598436312105
1.655	0.07466756957779161
1.656	0.07475558057914777
1.657	0.07482970338929704
1.658	0.07488964319530314
1.659	0.07493512566803573
1.66	0.07496589906659089
1.661	0.07498173721324947
1.662	0.07498244546015978
1.663	0.07496785936516599
1.664	0.07493784541183615
1.665	0.0748923021188052
1.666	0.07483116218895274
1.667	0.0747543959973149
1.668	0.07466201016095064
1.669	0.07455404741599012
1.67	0.07443058701103505
1.671	0.07429174539969433
1.672	0.07413767666590586
1.673	0.0739685669721095
1.674	0.07378463667418902
1.675	0.07358614048419461
1.676	0.07337336660983132
1.677	0.07314663638022446
1.678	0.0729063014839007
1.679	0.07265274172405133
1.68	0.07238636301614411
1.681	0.0721075953044287
1.682	0.07181688874905233
1.683	0.07151470466874346
1.684	0.07120151905468672
1.685	0.07087782213802271
1.686	0.07054411590550277
1.687	0.07020091163251234
1.688	0.06984872748779247
1.689	0.06948808620256068
1.69	0.06911951282773811
1.691	0.06874353245798728
1.692	0.06836066537346465
1.693	0.06797141831721888
1.694	0.0675762901519595
1.695	0.06717577269996408
1.696	0.0667703490721671
1.697	0.06636049165918842
1.698	0.06594666176104926
1.699	0.06552930887552273
1.7	0.06510886988801812
1.701	0.06468576808440381
1.702	0.06426040930602267
1.703	0.06383317543467185
1.704	0.0634044314718255
1.705	0.06297452771756136
1.706	0.06254379916307787
1.707	0.06211256511059977
1.708	0.06168112934990275
1.709	0.06124978135773228
1.71	0.06081879639028353
1.711	0.060388435392606764
1.712	0.05995894218173123
1.713	0.059530538928849734
1.714	0.05910343298797652
1.715	0.058677819353553054
1.716	0.05825388074302218
1.717	0.05783178692751197
1.718	0.057411696372622736
1.719	0.056993757117928895
1.72	0.056578107274641486
1.721	0.05616487523813246
1.722	0.055754177168957
1.723	0.05534611440449853
1.724	0.05494077863036056
1.725	0.054538253987776855
1.726	0.05413861717773151
1.727	0.05374193686075298
1.728	0.05334827511196563
1.729	0.05295768815853613
1.73	0.052570226813952216
1.731	0.052185936463622476
1.732	0.051804855411414136
1.733	0.05142701282490618
1.734	0.05105243268534047
1.735	0.050681135198242355
1.736	0.05031313680277169
1.7365093233857432	0.05012697870548048
1.737	0.049948449607418156
1.738	0.04958708248400195
1.739	0.049229041588920594
1.74	0.0488743305910939
1.741	0.04852295063371725
1.742	0.048174899063216016
1.743	0.04783016822677547
1.744	0.04748874803933944
1.745	0.047150626861992506
1.746	0.0468157914452439
1.747	0.04648422644163657
1.748	0.04615591516909343
1.749	0.04583083994466752
1.75	0.04550898219932457
1.751	0.045190322236555405
1.752	0.04487483902151802
1.753	0.0445625086268293
1.754	0.04425330636488573
1.755	0.04394720713169349
1.756	0.043644185291666915
1.757	0.043344214310692554
1.758	0.043047267266584636
1.759	0.042753317056404457
1.76	0.042462336447132765
1.761	0.04217429799417388
1.762	0.041889173517847975
1.763	0.041606933977340076
1.764	0.04132755017896292
1.765	0.04105099298989711
1.766	0.04077723326555802
1.767	0.04050624157176353
1.768	0.04023798851138469
1.769	0.03997244484619648
1.77	0.039709581515292816
1.771	0.03944936956747433
1.772	0.03919177989421489
1.773	0.03893678340520384
1.774	0.03868435121187342
1.775	0.03843445466646901
1.776	0.03818706530822346
1.777	0.03794215467376119
1.778	0.03769969453108777
1.779	0.03745965688236724
1.78	0.03722201401008063
1.781	0.03698673842107621
1.782	0.03675380277177276
1.783	0.036523180216017866
1.784	0.036294844251899556
1.785	0.0360687686542842
1.786	0.035844927440851396
1.787	0.03562329477104868
1.788	0.03540384504432961
1.789	0.03518655293140775
1.79	0.034971393371856535
1.791	0.03475834154973118
1.792	0.03454737294943438
1.793	0.03433846378948324
1.794	0.034131590670119116
1.795	0.03392673044591895
1.796	0.03372386006670582
1.797	0.03352295712106134
1.798	0.03332399899463603
1.799	0.03312696345622407
1.8	0.032931828508424424
1.801	0.032738572375568605
1.802	0.03254717366430974
1.803	0.0323576117934324
1.804	0.032169866556947806
1.805	0.0319839179623917
1.806	0.031799746232602864
1.807	0.031617331820102124
1.808	0.031436655383703695
1.809	0.03125769777774338
1.81	0.03108044004763256
1.811	0.030904863438027966
1.812	0.03073094958838471
1.813	0.030558680978161477
1.814	0.030388040424672285
1.815	0.03021901091686544
1.816	0.030051575629736076
1.817	0.029885717975945022
1.818	0.02972142153861288
1.819	0.029558670078631204
1.82	0.029397447485932288
1.821	0.02923773782893643
1.822	0.029079525577649097
1.823	0.028922796007868935
1.824	0.028767534695064816
1.825	0.028613727340428503
1.826	0.02846135983264639
1.827	0.028310418274119408
1.828	0.02816088892820283
1.829	0.02801275818042257
1.83	0.02786601253480109
1.831	0.027720638642710432
1.832	0.02757662354809832
1.833	0.0274339550464159
1.834	0.027292621193794997
1.835	0.027152610152009756
1.836	0.027013910220626793
1.837	0.026876509939048113
1.838	0.026740397979144417
1.839	0.026605563107779173
1.84	0.02647199418430892
1.841	0.026339680070193543
1.842	0.02620861037929319
1.843	0.026078775034750475
1.844	0.025950164371970435
1.845	0.025822768624315134
1.846	0.02569657832947686
1.847	0.025571584192057944
1.848	0.025447777045731357
1.849	0.025325147784810133
1.85	0.02520368738083937
1.851	0.025083386915042902
1.852	0.02496423782046166
1.853	0.024846232145240867
1.854	0.024729362131565624
1.855	0.02461362008700221
1.856	0.024498998421280165
1.857	0.02438548975994995
1.858	0.024273086827589628
1.859	0.024161782407884854
1.86	0.024051569342165017
1.861	0.023942440564470837
1.862	0.02383438932304082
1.863	0.023727409410169695
1.864	0.023621494785065106
1.865	0.02351663945929625
1.866	0.023412837528050928
1.867	0.023310083266422935
1.868	0.023208371030742723
1.869	0.023107695224936706
1.87	0.023008050299415075
1.871	0.022909430778027623
1.872	0.022811831441243508
1.873	0.022715247533063677
1.874	0.022619674467339486
1.875	0.022525107674338185
1.876	0.02243154265471132
1.8765441626	0.022381047390125936
1.876551285059375	0.022412764999569974
1.87655840751875	0.02242551923470814
1.8765726524375	0.02244317488326757
1.876601142275	0.02246738453955843
1.87665812195	0.0225001153121073
1.8767720813	0.022543424345113923
1.877	0.022598818345856683
1.8775	0.022670666861361155
1.878	0.02271505302612963
1.879	0.022768423643417572
1.8791308266	0.02277328809946509
1.879144407434375	0.022819378968513448
1.87915798826875	0.02283875611807341
1.8791851499375	0.022866440451450552
1.879239473275	0.02290613447465506
1.87934811995	0.02296327259332753
1.8795654133	0.023045761076317017
1.88	0.023164669583249434
1.8805	0.02326908587351718
1.881	0.023355382323216028
1.882	0.023496657743599214
1.883	0.02361220864563438
1.884	0.023711290213613068
1.885	0.023798760823680154
1.886	0.023877568129561134
1.887	0.023949664754842337
1.888	0.024016422667011664
1.889	0.024078848333723892
1.89	0.024137704422035902
1.891	0.024193583760818583
1.892	0.02424695673887918
1.893	0.024298203209579403
1.894	0.024347634140215447
1.895	0.024395507113679642
1.896	0.02444203761766506
1.897	0.024487407420120292
1.898	0.024531771064471405
1.899	0.024575260838888058
1.9	0.024617990637077498
1.901	0.024660058967890214
1.902	0.024701551328185502
1.903	0.024742542522845863
1.904	0.024783098130295063
1.905	0.024823275767728706
1.906	0.024863126128557365
1.907	0.024902693703480732
1.908	0.02494201775971414
1.909	0.024981133065911845
1.91	0.02502007045169665
1.911	0.02505885720138899
1.912	0.02509751726795312
1.913	0.025136072055032113
1.914	0.025174540638414056
1.915	0.025212939976846527
1.916	0.0252512850415763
1.917	0.025289588707794772
1.918	0.025327862248809403
1.919	0.025366115599728255
1.92	0.025404357498150572
1.921	0.025442595479046988
1.922	0.025480835706351897
1.923	0.02551908353150463
1.924	0.025557343589616515
1.925	0.02559561982027031
1.926	0.025633915402794603
1.927	0.025672232413523722
1.928	0.0257105722890283
1.929	0.025748936012886293
1.93	0.02578732416201799
1.931	0.02582573680332714
1.932	0.025864173046662352
1.933	0.025902632010287974
1.934	0.025941112317793266
1.935	0.025979612451825763
1.936	0.026018130537564813
1.937	0.026056663915994174
1.938	0.02609520961493079
1.939	0.026133764518190227
1.94	0.026172325383048214
1.941	0.026210888703223353
1.942	0.02624945033300569
1.943	0.02628800602865949
1.944	0.026326551517115673
1.945	0.026365082465748205
1.946	0.026403594351921196
1.947	0.026442082050791006
1.948	0.026480540264870046
1.949	0.02651896367199248
1.95	0.026557346932173525
1.951	0.026595684568392536
1.952	0.02663397062750059
1.953	0.026672199156683254
1.954	0.026710364239001142
1.955	0.026748459966051616
1.956	0.026786480336802972
1.957	0.02682441894606489
1.958	0.026862269302602267
1.959	0.026900024936942407
1.96	0.02693767940389774
1.961	0.026975226206054765
1.962	0.027012658586718963
1.963	0.02704996984983993
1.964	0.027087153358847343
1.965	0.02712420251083766
1.966	0.02716111068845146
1.967	0.027197871112900816
1.968	0.027234476992918727
1.969	0.027270921565528593
1.97	0.027307198134087395
1.971	0.027343299994604907
1.972	0.0273792204424615
1.973	0.027414952888535647
1.974	0.02745049080732111
1.975	0.02748582775317648
1.976	0.027520957215720218
1.977	0.027555872819107124
1.978	0.02759056844027171
1.979	0.027625037757829672
1.98	0.027659274570159178
1.981	0.02769327275847444
1.982	0.027727026435485018
1.983	0.02776052987744293
1.984	0.027793777420258983
1.985	0.027826763438901277
1.986	0.0278594824162578
1.987	0.027891929150433117
1.988	0.027924098541631415
1.989	0.02795598554253629
1.99	0.027987585127826314
1.991	0.02801889240413818
1.992	0.028049902893394874
1.993	0.028080612313724662
1.994	0.028111016431842637
1.995	0.02814111106193205
1.996	0.028170892147528177
1.997	0.028200356103770557
1.998	0.028229499486074797
1.999	0.028258318882983916
2.0	0.028286810915288466
